16
6 6 6 3 5 1 1 4 1 4 5 7 7 7 6 1 
0 1119249608.53 315240992.613 790642401.682 1174621647.99 1623408202.14 1581980381.13 1024515055.29 706843116.247 1096251792.75 57330062.2607 1258667615.13 49374957.7126 672593442.263 988149034.097 949350656.46 
59903772.347 0 1366952195.62 1201691158.15 893886702.747 983311894.029 1423417484.41 39637536.497 979801092.466 379916409.651 1672669743.25 1114726809.63 828982583.089 1255240100.96 1262003213.5 1365211962.01 
1656079466.45 525639009.993 0 1156713324.37 1322916107.41 343356707.397 1473386727.3 375636828.311 1043431932.14 666520503.836 570485819.004 469119649.202 602040982.943 469597012.181 1039216203.03 1421733744.83 
1471931191.9 203564412.054 1508699906.21 0 1430856693.32 1175612034.59 219348505.019 1418217294.04 103454845.315 146993576.543 1082241983.94 128755789.533 172853024.655 646008809.068 597472638.912 1123023378.03 
1077696755.5 529863169.751 558660899.732 705036078.8 0 1662292103.04 1650172518.01 64665708.9347 1147310275.12 1199212801.85 1138994081.72 1518978906.21 529701848.347 564415412.548 331607412.718 1010858204.42 
1249843662.88 314353825.927 1082189416.67 433634397.119 884080667.069 0 204622094.306 1504932954.69 1486020628.55 803882586.658 1196511677.16 462744078.326 960076000.039 1582772162.33 1639411134.44 201242735.23 
1545356789.48 80056329.3117 778067295.771 1603771132.48 52386185.7048 1417831329.72 0 1075171927.62 423270265.964 482922294.021 982175658.321 862240738.635 738291575.998 97842063.4748 1151442901.07 1308262994.81 
294755130.612 985312850.457 1368859811.29 1448370860.94 292038265.192 1381851439.4 1480007937.84 0 1145095840.73 44799449.7181 671426455.173 670001741.036 946279806.611 1215930966.95 315968744.206 1207776706.96 
206786921.181 1346413399.72 711731134.636 1626336066.51 1214341707.83 850075644.09 614711953.958 1209889491.75 0 1589248263.99 444471345.338 397671703.281 1019961568.51 124501152.16 127150210.138 1651323660.38 
892319710.387 272914544.949 1024166823.69 80500033.6167 572416732.162 920669857.094 1671556497.08 83503729.5432 553962457.411 0 1419341273.81 1348521193.53 361649265.463 630892782.223 157876069.819 597253228.331 
873318472.504 1449205166.34 1192456355.67 1646114716.94 163892961.096 684248386.309 84179852.356 509440564.144 1008528071.35 1289286912.64 0 567284680.099 675395503.976 1412989010.08 319246436.719 315891027.17 
1541553039.62 953929523.616 1331741627.93 1116227077.56 287792745.202 817873000.635 1662762139.31 283414508.92 1000292380.74 480589488.766 1261213045.39 0 1125137867.3 723755963.273 68372640.5652 6411131.61882 
308643554.845 161968485.12 1262853787.21 1375480684.3 536759134.369 1676827798.43 1101626264.4 61926240.2193 916314680.45 247458251.536 362527432.283 268599541.597 0 1328935294.11 1410622256.81 632259977.852 
808809587.155 76232560.5364 82804834.4595 716576604.591 1451619180.48 1017346916.09 44166253.2225 133650329.765 899647384.211 1482989291.53 819936054.674 405069274.118 1514027785.72 0 339152572.95 174130595.763 
896063734.869 1481664061.8 1442014127.94 662790840.022 1628517306.09 504670984.392 775425440.7 867630554.339 149203137.436 871041480.261 1596091236.89 398123981.733 371797676.276 1143504046.06 0 1656346009.26 
144318713.382 1142496995.84 138678103.834 510848393.907 1430788174.55 1637010747.45 585513008.89 66240093.7617 546606405.867 619564824.892 1518456114.38 1204114537.22 624813065.243 1245755023.15 744843085.253 0 
